reference_fsm_id,candidate_fsm_id,oracle_suite_id,scenario_id,passed,passed_steps,total_steps,scenario_bpr,oracle_agreement,execution_cost
parking_gate_001_010,parking_gate_001_010__mut__second_order__state_deletion__state_insertion__20132,parking_gate_001_010_oracle,invalid_ticket_stays_closed_010,True,1,1,1.000000,1.000000,1
parking_gate_001_010,parking_gate_001_010__mut__second_order__state_deletion__state_insertion__20132,parking_gate_001_010_oracle,valid_ticket_opens_gate_010,False,0,1,0.000000,0.000000,1
parking_gate_001_010,parking_gate_001_010__mut__second_order__state_deletion__state_insertion__20132,parking_gate_001_010_oracle,open_then_timeout_closes_010,False,0,2,0.000000,0.000000,2
